image: output.pgm
resolution: 0.1000
origin: [-13.20000, -8.40000, 0.0]
negate: 0
occupied_thresh: 0.65
free_thresh: 0.196

